# 441 (21x21) receivers, x,y in [-200,200] m, 20 m spacing, z = 0.
# z is negative down: z=0 is the air/earth interface.
# x y z
   -200.0000    -200.0000       0.0000
   -200.0000    -180.0000       0.0000
   -200.0000    -160.0000       0.0000
   -200.0000    -140.0000       0.0000
   -200.0000    -120.0000       0.0000
   -200.0000    -100.0000       0.0000
   -200.0000     -80.0000       0.0000
   -200.0000     -60.0000       0.0000
   -200.0000     -40.0000       0.0000
   -200.0000     -20.0000       0.0000
   -200.0000       0.0000       0.0000
   -200.0000      20.0000       0.0000
   -200.0000      40.0000       0.0000
   -200.0000      60.0000       0.0000
   -200.0000      80.0000       0.0000
   -200.0000     100.0000       0.0000
   -200.0000     120.0000       0.0000
   -200.0000     140.0000       0.0000
   -200.0000     160.0000       0.0000
   -200.0000     180.0000       0.0000
   -200.0000     200.0000       0.0000
   -180.0000    -200.0000       0.0000
   -180.0000    -180.0000       0.0000
   -180.0000    -160.0000       0.0000
   -180.0000    -140.0000       0.0000
   -180.0000    -120.0000       0.0000
   -180.0000    -100.0000       0.0000
   -180.0000     -80.0000       0.0000
   -180.0000     -60.0000       0.0000
   -180.0000     -40.0000       0.0000
   -180.0000     -20.0000       0.0000
   -180.0000       0.0000       0.0000
   -180.0000      20.0000       0.0000
   -180.0000      40.0000       0.0000
   -180.0000      60.0000       0.0000
   -180.0000      80.0000       0.0000
   -180.0000     100.0000       0.0000
   -180.0000     120.0000       0.0000
   -180.0000     140.0000       0.0000
   -180.0000     160.0000       0.0000
   -180.0000     180.0000       0.0000
   -180.0000     200.0000       0.0000
   -160.0000    -200.0000       0.0000
   -160.0000    -180.0000       0.0000
   -160.0000    -160.0000       0.0000
   -160.0000    -140.0000       0.0000
   -160.0000    -120.0000       0.0000
   -160.0000    -100.0000       0.0000
   -160.0000     -80.0000       0.0000
   -160.0000     -60.0000       0.0000
   -160.0000     -40.0000       0.0000
   -160.0000     -20.0000       0.0000
   -160.0000       0.0000       0.0000
   -160.0000      20.0000       0.0000
   -160.0000      40.0000       0.0000
   -160.0000      60.0000       0.0000
   -160.0000      80.0000       0.0000
   -160.0000     100.0000       0.0000
   -160.0000     120.0000       0.0000
   -160.0000     140.0000       0.0000
   -160.0000     160.0000       0.0000
   -160.0000     180.0000       0.0000
   -160.0000     200.0000       0.0000
   -140.0000    -200.0000       0.0000
   -140.0000    -180.0000       0.0000
   -140.0000    -160.0000       0.0000
   -140.0000    -140.0000       0.0000
   -140.0000    -120.0000       0.0000
   -140.0000    -100.0000       0.0000
   -140.0000     -80.0000       0.0000
   -140.0000     -60.0000       0.0000
   -140.0000     -40.0000       0.0000
   -140.0000     -20.0000       0.0000
   -140.0000       0.0000       0.0000
   -140.0000      20.0000       0.0000
   -140.0000      40.0000       0.0000
   -140.0000      60.0000       0.0000
   -140.0000      80.0000       0.0000
   -140.0000     100.0000       0.0000
   -140.0000     120.0000       0.0000
   -140.0000     140.0000       0.0000
   -140.0000     160.0000       0.0000
   -140.0000     180.0000       0.0000
   -140.0000     200.0000       0.0000
   -120.0000    -200.0000       0.0000
   -120.0000    -180.0000       0.0000
   -120.0000    -160.0000       0.0000
   -120.0000    -140.0000       0.0000
   -120.0000    -120.0000       0.0000
   -120.0000    -100.0000       0.0000
   -120.0000     -80.0000       0.0000
   -120.0000     -60.0000       0.0000
   -120.0000     -40.0000       0.0000
   -120.0000     -20.0000       0.0000
   -120.0000       0.0000       0.0000
   -120.0000      20.0000       0.0000
   -120.0000      40.0000       0.0000
   -120.0000      60.0000       0.0000
   -120.0000      80.0000       0.0000
   -120.0000     100.0000       0.0000
   -120.0000     120.0000       0.0000
   -120.0000     140.0000       0.0000
   -120.0000     160.0000       0.0000
   -120.0000     180.0000       0.0000
   -120.0000     200.0000       0.0000
   -100.0000    -200.0000       0.0000
   -100.0000    -180.0000       0.0000
   -100.0000    -160.0000       0.0000
   -100.0000    -140.0000       0.0000
   -100.0000    -120.0000       0.0000
   -100.0000    -100.0000       0.0000
   -100.0000     -80.0000       0.0000
   -100.0000     -60.0000       0.0000
   -100.0000     -40.0000       0.0000
   -100.0000     -20.0000       0.0000
   -100.0000       0.0000       0.0000
   -100.0000      20.0000       0.0000
   -100.0000      40.0000       0.0000
   -100.0000      60.0000       0.0000
   -100.0000      80.0000       0.0000
   -100.0000     100.0000       0.0000
   -100.0000     120.0000       0.0000
   -100.0000     140.0000       0.0000
   -100.0000     160.0000       0.0000
   -100.0000     180.0000       0.0000
   -100.0000     200.0000       0.0000
    -80.0000    -200.0000       0.0000
    -80.0000    -180.0000       0.0000
    -80.0000    -160.0000       0.0000
    -80.0000    -140.0000       0.0000
    -80.0000    -120.0000       0.0000
    -80.0000    -100.0000       0.0000
    -80.0000     -80.0000       0.0000
    -80.0000     -60.0000       0.0000
    -80.0000     -40.0000       0.0000
    -80.0000     -20.0000       0.0000
    -80.0000       0.0000       0.0000
    -80.0000      20.0000       0.0000
    -80.0000      40.0000       0.0000
    -80.0000      60.0000       0.0000
    -80.0000      80.0000       0.0000
    -80.0000     100.0000       0.0000
    -80.0000     120.0000       0.0000
    -80.0000     140.0000       0.0000
    -80.0000     160.0000       0.0000
    -80.0000     180.0000       0.0000
    -80.0000     200.0000       0.0000
    -60.0000    -200.0000       0.0000
    -60.0000    -180.0000       0.0000
    -60.0000    -160.0000       0.0000
    -60.0000    -140.0000       0.0000
    -60.0000    -120.0000       0.0000
    -60.0000    -100.0000       0.0000
    -60.0000     -80.0000       0.0000
    -60.0000     -60.0000       0.0000
    -60.0000     -40.0000       0.0000
    -60.0000     -20.0000       0.0000
    -60.0000       0.0000       0.0000
    -60.0000      20.0000       0.0000
    -60.0000      40.0000       0.0000
    -60.0000      60.0000       0.0000
    -60.0000      80.0000       0.0000
    -60.0000     100.0000       0.0000
    -60.0000     120.0000       0.0000
    -60.0000     140.0000       0.0000
    -60.0000     160.0000       0.0000
    -60.0000     180.0000       0.0000
    -60.0000     200.0000       0.0000
    -40.0000    -200.0000       0.0000
    -40.0000    -180.0000       0.0000
    -40.0000    -160.0000       0.0000
    -40.0000    -140.0000       0.0000
    -40.0000    -120.0000       0.0000
    -40.0000    -100.0000       0.0000
    -40.0000     -80.0000       0.0000
    -40.0000     -60.0000       0.0000
    -40.0000     -40.0000       0.0000
    -40.0000     -20.0000       0.0000
    -40.0000       0.0000       0.0000
    -40.0000      20.0000       0.0000
    -40.0000      40.0000       0.0000
    -40.0000      60.0000       0.0000
    -40.0000      80.0000       0.0000
    -40.0000     100.0000       0.0000
    -40.0000     120.0000       0.0000
    -40.0000     140.0000       0.0000
    -40.0000     160.0000       0.0000
    -40.0000     180.0000       0.0000
    -40.0000     200.0000       0.0000
    -20.0000    -200.0000       0.0000
    -20.0000    -180.0000       0.0000
    -20.0000    -160.0000       0.0000
    -20.0000    -140.0000       0.0000
    -20.0000    -120.0000       0.0000
    -20.0000    -100.0000       0.0000
    -20.0000     -80.0000       0.0000
    -20.0000     -60.0000       0.0000
    -20.0000     -40.0000       0.0000
    -20.0000     -20.0000       0.0000
    -20.0000       0.0000       0.0000
    -20.0000      20.0000       0.0000
    -20.0000      40.0000       0.0000
    -20.0000      60.0000       0.0000
    -20.0000      80.0000       0.0000
    -20.0000     100.0000       0.0000
    -20.0000     120.0000       0.0000
    -20.0000     140.0000       0.0000
    -20.0000     160.0000       0.0000
    -20.0000     180.0000       0.0000
    -20.0000     200.0000       0.0000
      0.0000    -200.0000       0.0000
      0.0000    -180.0000       0.0000
      0.0000    -160.0000       0.0000
      0.0000    -140.0000       0.0000
      0.0000    -120.0000       0.0000
      0.0000    -100.0000       0.0000
      0.0000     -80.0000       0.0000
      0.0000     -60.0000       0.0000
      0.0000     -40.0000       0.0000
      0.0000     -20.0000       0.0000
      0.0000       0.0000       0.0000
      0.0000      20.0000       0.0000
      0.0000      40.0000       0.0000
      0.0000      60.0000       0.0000
      0.0000      80.0000       0.0000
      0.0000     100.0000       0.0000
      0.0000     120.0000       0.0000
      0.0000     140.0000       0.0000
      0.0000     160.0000       0.0000
      0.0000     180.0000       0.0000
      0.0000     200.0000       0.0000
     20.0000    -200.0000       0.0000
     20.0000    -180.0000       0.0000
     20.0000    -160.0000       0.0000
     20.0000    -140.0000       0.0000
     20.0000    -120.0000       0.0000
     20.0000    -100.0000       0.0000
     20.0000     -80.0000       0.0000
     20.0000     -60.0000       0.0000
     20.0000     -40.0000       0.0000
     20.0000     -20.0000       0.0000
     20.0000       0.0000       0.0000
     20.0000      20.0000       0.0000
     20.0000      40.0000       0.0000
     20.0000      60.0000       0.0000
     20.0000      80.0000       0.0000
     20.0000     100.0000       0.0000
     20.0000     120.0000       0.0000
     20.0000     140.0000       0.0000
     20.0000     160.0000       0.0000
     20.0000     180.0000       0.0000
     20.0000     200.0000       0.0000
     40.0000    -200.0000       0.0000
     40.0000    -180.0000       0.0000
     40.0000    -160.0000       0.0000
     40.0000    -140.0000       0.0000
     40.0000    -120.0000       0.0000
     40.0000    -100.0000       0.0000
     40.0000     -80.0000       0.0000
     40.0000     -60.0000       0.0000
     40.0000     -40.0000       0.0000
     40.0000     -20.0000       0.0000
     40.0000       0.0000       0.0000
     40.0000      20.0000       0.0000
     40.0000      40.0000       0.0000
     40.0000      60.0000       0.0000
     40.0000      80.0000       0.0000
     40.0000     100.0000       0.0000
     40.0000     120.0000       0.0000
     40.0000     140.0000       0.0000
     40.0000     160.0000       0.0000
     40.0000     180.0000       0.0000
     40.0000     200.0000       0.0000
     60.0000    -200.0000       0.0000
     60.0000    -180.0000       0.0000
     60.0000    -160.0000       0.0000
     60.0000    -140.0000       0.0000
     60.0000    -120.0000       0.0000
     60.0000    -100.0000       0.0000
     60.0000     -80.0000       0.0000
     60.0000     -60.0000       0.0000
     60.0000     -40.0000       0.0000
     60.0000     -20.0000       0.0000
     60.0000       0.0000       0.0000
     60.0000      20.0000       0.0000
     60.0000      40.0000       0.0000
     60.0000      60.0000       0.0000
     60.0000      80.0000       0.0000
     60.0000     100.0000       0.0000
     60.0000     120.0000       0.0000
     60.0000     140.0000       0.0000
     60.0000     160.0000       0.0000
     60.0000     180.0000       0.0000
     60.0000     200.0000       0.0000
     80.0000    -200.0000       0.0000
     80.0000    -180.0000       0.0000
     80.0000    -160.0000       0.0000
     80.0000    -140.0000       0.0000
     80.0000    -120.0000       0.0000
     80.0000    -100.0000       0.0000
     80.0000     -80.0000       0.0000
     80.0000     -60.0000       0.0000
     80.0000     -40.0000       0.0000
     80.0000     -20.0000       0.0000
     80.0000       0.0000       0.0000
     80.0000      20.0000       0.0000
     80.0000      40.0000       0.0000
     80.0000      60.0000       0.0000
     80.0000      80.0000       0.0000
     80.0000     100.0000       0.0000
     80.0000     120.0000       0.0000
     80.0000     140.0000       0.0000
     80.0000     160.0000       0.0000
     80.0000     180.0000       0.0000
     80.0000     200.0000       0.0000
    100.0000    -200.0000       0.0000
    100.0000    -180.0000       0.0000
    100.0000    -160.0000       0.0000
    100.0000    -140.0000       0.0000
    100.0000    -120.0000       0.0000
    100.0000    -100.0000       0.0000
    100.0000     -80.0000       0.0000
    100.0000     -60.0000       0.0000
    100.0000     -40.0000       0.0000
    100.0000     -20.0000       0.0000
    100.0000       0.0000       0.0000
    100.0000      20.0000       0.0000
    100.0000      40.0000       0.0000
    100.0000      60.0000       0.0000
    100.0000      80.0000       0.0000
    100.0000     100.0000       0.0000
    100.0000     120.0000       0.0000
    100.0000     140.0000       0.0000
    100.0000     160.0000       0.0000
    100.0000     180.0000       0.0000
    100.0000     200.0000       0.0000
    120.0000    -200.0000       0.0000
    120.0000    -180.0000       0.0000
    120.0000    -160.0000       0.0000
    120.0000    -140.0000       0.0000
    120.0000    -120.0000       0.0000
    120.0000    -100.0000       0.0000
    120.0000     -80.0000       0.0000
    120.0000     -60.0000       0.0000
    120.0000     -40.0000       0.0000
    120.0000     -20.0000       0.0000
    120.0000       0.0000       0.0000
    120.0000      20.0000       0.0000
    120.0000      40.0000       0.0000
    120.0000      60.0000       0.0000
    120.0000      80.0000       0.0000
    120.0000     100.0000       0.0000
    120.0000     120.0000       0.0000
    120.0000     140.0000       0.0000
    120.0000     160.0000       0.0000
    120.0000     180.0000       0.0000
    120.0000     200.0000       0.0000
    140.0000    -200.0000       0.0000
    140.0000    -180.0000       0.0000
    140.0000    -160.0000       0.0000
    140.0000    -140.0000       0.0000
    140.0000    -120.0000       0.0000
    140.0000    -100.0000       0.0000
    140.0000     -80.0000       0.0000
    140.0000     -60.0000       0.0000
    140.0000     -40.0000       0.0000
    140.0000     -20.0000       0.0000
    140.0000       0.0000       0.0000
    140.0000      20.0000       0.0000
    140.0000      40.0000       0.0000
    140.0000      60.0000       0.0000
    140.0000      80.0000       0.0000
    140.0000     100.0000       0.0000
    140.0000     120.0000       0.0000
    140.0000     140.0000       0.0000
    140.0000     160.0000       0.0000
    140.0000     180.0000       0.0000
    140.0000     200.0000       0.0000
    160.0000    -200.0000       0.0000
    160.0000    -180.0000       0.0000
    160.0000    -160.0000       0.0000
    160.0000    -140.0000       0.0000
    160.0000    -120.0000       0.0000
    160.0000    -100.0000       0.0000
    160.0000     -80.0000       0.0000
    160.0000     -60.0000       0.0000
    160.0000     -40.0000       0.0000
    160.0000     -20.0000       0.0000
    160.0000       0.0000       0.0000
    160.0000      20.0000       0.0000
    160.0000      40.0000       0.0000
    160.0000      60.0000       0.0000
    160.0000      80.0000       0.0000
    160.0000     100.0000       0.0000
    160.0000     120.0000       0.0000
    160.0000     140.0000       0.0000
    160.0000     160.0000       0.0000
    160.0000     180.0000       0.0000
    160.0000     200.0000       0.0000
    180.0000    -200.0000       0.0000
    180.0000    -180.0000       0.0000
    180.0000    -160.0000       0.0000
    180.0000    -140.0000       0.0000
    180.0000    -120.0000       0.0000
    180.0000    -100.0000       0.0000
    180.0000     -80.0000       0.0000
    180.0000     -60.0000       0.0000
    180.0000     -40.0000       0.0000
    180.0000     -20.0000       0.0000
    180.0000       0.0000       0.0000
    180.0000      20.0000       0.0000
    180.0000      40.0000       0.0000
    180.0000      60.0000       0.0000
    180.0000      80.0000       0.0000
    180.0000     100.0000       0.0000
    180.0000     120.0000       0.0000
    180.0000     140.0000       0.0000
    180.0000     160.0000       0.0000
    180.0000     180.0000       0.0000
    180.0000     200.0000       0.0000
    200.0000    -200.0000       0.0000
    200.0000    -180.0000       0.0000
    200.0000    -160.0000       0.0000
    200.0000    -140.0000       0.0000
    200.0000    -120.0000       0.0000
    200.0000    -100.0000       0.0000
    200.0000     -80.0000       0.0000
    200.0000     -60.0000       0.0000
    200.0000     -40.0000       0.0000
    200.0000     -20.0000       0.0000
    200.0000       0.0000       0.0000
    200.0000      20.0000       0.0000
    200.0000      40.0000       0.0000
    200.0000      60.0000       0.0000
    200.0000      80.0000       0.0000
    200.0000     100.0000       0.0000
    200.0000     120.0000       0.0000
    200.0000     140.0000       0.0000
    200.0000     160.0000       0.0000
    200.0000     180.0000       0.0000
    200.0000     200.0000       0.0000
