#       x        y        z
 -2000.000    0.000   -2.10175
 -1900.000    0.000   -2.10175
 -1800.000    0.000   -2.10175
 -1700.000    0.000   -2.10175
 -1600.000    0.000   -2.10175
 -1500.000    0.000   -2.10175
 -1400.000    0.000   -2.10175
 -1300.000    0.000   -2.10175
 -1200.000    0.000   -2.10175
 -1100.000    0.000   -2.10175
 -1000.000    0.000   -2.10175
  -900.000    0.000   55.96276
  -800.000    0.000  114.02728
  -700.000    0.000  172.09179
  -600.000    0.000  230.15631
  -500.000    0.000  288.22083
  -400.000    0.000  346.28534
  -300.000    0.000  404.34986
  -200.000    0.000  447.89825
  -100.000    0.000  447.89825
     0.000    0.000  447.89825
   100.000    0.000  447.89825
   200.000    0.000  447.89825
   300.000    0.000  404.34986
   400.000    0.000  346.28534
   500.000    0.000  288.22083
   600.000    0.000  230.15631
   700.000    0.000  172.09179
   800.000    0.000  114.02728
   900.000    0.000   55.96276
  1000.000    0.000   -2.10175
  1100.000    0.000   -2.10175
  1200.000    0.000   -2.10175
  1300.000    0.000   -2.10175
  1400.000    0.000   -2.10175
  1500.000    0.000   -2.10175
  1600.000    0.000   -2.10175
  1700.000    0.000   -2.10175
  1800.000    0.000   -2.10175
  1900.000    0.000   -2.10175
  2000.000    0.000   -2.10175
