   Iter          RMS            F          Reg        ||g||         Step
      0      11.7951   1.3912e+02   0.0000e+00   1.5551e+01            -
      1      11.1280   1.2383e+02   1.7235e-06   1.4138e+01   6.4303e-02
      2       5.9176   3.5018e+01   2.5087e-04   3.0892e+00   1.0000e+00
      3       5.1446   2.6467e+01   4.0523e-04   1.8789e+00   1.0000e+00
      4       4.5135   2.0373e+01   6.1310e-04   1.2917e+00   1.0000e+00
      5       3.9236   1.5396e+01   8.8884e-04   1.2607e+00   1.0000e+00
      6       3.8902   1.5135e+01   1.8378e-03   3.3687e+00   1.0000e+00
      7       2.9928   8.9587e+00   1.7870e-03   6.1994e-01   1.0000e+00
      8       2.9276   8.5726e+00   1.7904e-03   5.1243e-01   1.0000e+00
      9       2.7281   7.4443e+00   1.8582e-03   5.7630e-01   1.0000e+00
     10       2.5551   6.5305e+00   2.0263e-03   9.5434e-01   1.0000e+00
     11       2.2969   5.2783e+00   2.3595e-03   6.4283e-01   1.0000e+00
     12       2.0076   4.0337e+00   3.0837e-03   4.9225e-01   1.0000e+00
     13       1.9862   3.9489e+00   3.7889e-03   9.7582e-01   1.0000e+00
     14       1.8501   3.4267e+00   3.7182e-03   2.7684e-01   1.0000e+00
     15       1.8269   3.3415e+00   3.7755e-03   2.2374e-01   1.0000e+00
     16       1.7878   3.2002e+00   3.9374e-03   2.7953e-01   1.0000e+00
     17       1.7436   3.0443e+00   4.1986e-03   2.4846e-01   1.0000e+00
     18       1.7286   2.9925e+00   4.3252e-03   1.7500e-01   5.0000e-01
     19       1.7175   2.9543e+00   4.3782e-03   1.3424e-01   1.0000e+00
     20       1.6930   2.8708e+00   4.5431e-03   1.4687e-01   1.0000e+00
     21       1.6802   2.8277e+00   4.6881e-03   2.9913e-01   1.0000e+00
     22       1.6575   2.7522e+00   4.7432e-03   1.6604e-01   1.0000e+00
     23       1.6355   2.6799e+00   4.8829e-03   1.7869e-01   1.0000e+00
     24       1.6134   2.6080e+00   5.0315e-03   2.0225e-01   1.0000e+00
     25       1.5952   2.5500e+00   5.2786e-03   3.5316e-01   5.0000e-01
     26       1.5696   2.4691e+00   5.3877e-03   1.6736e-01   1.0000e+00
     27       1.5560   2.4267e+00   5.5227e-03   1.5801e-01   1.0000e+00
     28       1.5312   2.3503e+00   5.8016e-03   1.9026e-01   1.0000e+00
     29       1.5147   2.3005e+00   6.0923e-03   3.7972e-01   5.0000e-01
     30       1.4866   2.2164e+00   6.3148e-03   1.7598e-01   1.0000e+00
     31       1.4735   2.1776e+00   6.5181e-03   1.3269e-01   1.0000e+00
     32       1.4506   2.1110e+00   6.8518e-03   1.4458e-01   1.0000e+00
     33       1.4297   2.0513e+00   7.1247e-03   2.8445e-01   5.0000e-01
     34       1.4050   1.9817e+00   7.5751e-03   1.8110e-01   1.0000e+00
     35       1.3916   1.9445e+00   7.8325e-03   2.0903e-01   1.0000e+00
     36       1.3746   1.8975e+00   7.9015e-03   1.4860e-01   1.0000e+00
     37       1.3415   1.8078e+00   8.1351e-03   1.1664e-01   1.0000e+00
     38       1.3326   1.7842e+00   8.3465e-03   1.9110e-01   1.0000e+00
     39       1.3195   1.7495e+00   8.3894e-03   1.1634e-01   1.0000e+00
     40       1.3116   1.7288e+00   8.4725e-03   1.3169e-01   1.0000e+00
     41       1.3016   1.7027e+00   8.5920e-03   1.2683e-01   1.0000e+00
     42       1.2989   1.6959e+00   8.7008e-03   2.6962e-01   5.0000e-01
     43       1.2848   1.6593e+00   8.7051e-03   1.0361e-01   1.0000e+00
     44       1.2771   1.6398e+00   8.7541e-03   8.4291e-02   1.0000e+00
     45       1.2684   1.6177e+00   8.8633e-03   1.3530e-01   1.0000e+00
     46       1.2576   1.5907e+00   9.0304e-03   9.2428e-02   1.0000e+00
     47       1.2446   1.5582e+00   9.1455e-03   1.5900e-01   1.0000e+00
     48       1.2287   1.5190e+00   9.3087e-03   8.5929e-02   1.0000e+00
     49       1.2185   1.4941e+00   9.3760e-03   7.4271e-02   1.0000e+00
     50       1.2103   1.4744e+00   9.5181e-03   1.7088e-01   1.0000e+00
     51       1.1996   1.4485e+00   9.5282e-03   8.0601e-02   1.0000e+00
     52       1.1951   1.4378e+00   9.5467e-03   8.5323e-02   1.0000e+00
     53       1.1835   1.4104e+00   9.6160e-03   1.0129e-01   1.0000e+00
     54       1.1811   1.4047e+00   9.6679e-03   1.7397e-01   5.0000e-01
     55       1.1744   1.3889e+00   9.6791e-03   7.1529e-02   1.0000e+00
     56       1.1707   1.3803e+00   9.7016e-03   5.5811e-02   1.0000e+00
     57       1.1648   1.3665e+00   9.7478e-03   6.3232e-02   1.0000e+00
     58       1.1584   1.3518e+00   9.8085e-03   5.5284e-02   1.0000e+00
     59       1.1528   1.3388e+00   9.8666e-03   7.1624e-02   1.0000e+00
     60       1.1475   1.3267e+00   9.8995e-03   4.7262e-02   1.0000e+00
     61       1.1414   1.3127e+00   9.9214e-03   6.3029e-02   1.0000e+00
     62       1.1353   1.2989e+00   9.9432e-03   8.1099e-02   1.0000e+00
     63       1.1306   1.2882e+00   9.9513e-03   5.9422e-02   1.0000e+00
     64       1.1263   1.2784e+00   9.9539e-03   5.4501e-02   1.0000e+00
     65       1.1201   1.2646e+00   9.9515e-03   6.4066e-02   1.0000e+00
     66       1.1137   1.2503e+00   9.9431e-03   1.2055e-01   1.0000e+00
     67       1.1069   1.2352e+00   9.9334e-03   5.6021e-02   1.0000e+00
     68       1.1030   1.2266e+00   9.9263e-03   6.2613e-02   1.0000e+00
     69       1.0972   1.2137e+00   9.9170e-03   7.2345e-02   1.0000e+00
     70       1.0955   1.2100e+00   9.9168e-03   1.4024e-01   5.0000e-01
     71       1.0904   1.1989e+00   9.9154e-03   5.3303e-02   1.0000e+00
     72       1.0888   1.1955e+00   9.9156e-03   3.8316e-02   1.0000e+00
     73       1.0864   1.1902e+00   9.9183e-03   3.8942e-02   1.0000e+00
     74       1.0842   1.1853e+00   9.9267e-03   9.3282e-02   1.0000e+00
     75       1.0815   1.1796e+00   9.9347e-03   3.8499e-02   1.0000e+00
     76       1.0807   1.1778e+00   9.9380e-03   3.2820e-02   1.0000e+00
     77       1.0787   1.1736e+00   9.9488e-03   3.7797e-02   1.0000e+00
     78       1.0766   1.1691e+00   9.9682e-03   7.1975e-02   1.0000e+00
     79       1.0744   1.1644e+00   9.9867e-03   3.6361e-02   1.0000e+00
     80       1.0734   1.1622e+00   9.9990e-03   3.4562e-02   1.0000e+00
     81       1.0711   1.1572e+00   1.0032e-02   3.7112e-02   1.0000e+00
     82       1.0698   1.1544e+00   1.0048e-02   6.3730e-02   2.5000e-01
     83       1.0678   1.1503e+00   1.0076e-02   4.7840e-02   1.0000e+00
     84       1.0662   1.1469e+00   1.0146e-02   6.8134e-02   1.0000e+00
     85       1.0640   1.1424e+00   1.0169e-02   3.1682e-02   1.0000e+00
     86       1.0632   1.1405e+00   1.0180e-02   3.5902e-02   1.0000e+00
     87       1.0604   1.1346e+00   1.0225e-02   5.4745e-02   1.0000e+00
     88       1.0587   1.1312e+00   1.0266e-02   6.1786e-02   5.0000e-01
     89       1.0573   1.1283e+00   1.0307e-02   3.2443e-02   1.0000e+00
     90       1.0566   1.1267e+00   1.0324e-02   2.6267e-02   1.0000e+00
     91       1.0549   1.1232e+00   1.0362e-02   2.5490e-02   1.0000e+00
     92       1.0526   1.1184e+00   1.0408e-02   5.9467e-02   1.0000e+00
     93       1.0507   1.1145e+00   1.0478e-02   4.2633e-02   1.0000e+00
     94       1.0499   1.1127e+00   1.0472e-02   2.4241e-02   1.0000e+00

   L-BFGS exit reason       = CONVERGED_RMSTOL (94 iterations)
