   Eval          RMS
      1    11.795075
      2    11.128041
      3     5.917612
      4     5.144599
      5     4.513527
      6     3.923628
      7     3.890167
      8     2.992818
      9     2.927590
     10     2.728087
     11     2.555083
     12     2.296949
     13     2.007647
     14     1.986221
     15     1.850143
     16     1.826950
     17     1.787803
     18     1.743585
     19     1.748751
     20     1.728635
     21     1.717547
     22     1.692997
     23     1.680185
     24     1.657548
     25     1.635534
     26     1.613387
     27     1.654192
     28     1.595205
     29     1.569627
     30     1.556023
     31     1.531185
     32     1.579080
     33     1.514737
     34     1.486641
     35     1.473470
     36     1.450563
     37     1.456106
     38     1.429743
     39     1.405029
     40     1.391631
     41     1.374609
     42     1.341524
     43     1.332626
     44     1.319510
     45     1.311626
     46     1.301570
     47     1.348407
     48     1.298923
     49     1.284770
     50     1.277110
     51     1.268416
     52     1.257627
     53     1.244621
     54     1.228683
     55     1.218486
     56     1.210340
     57     1.199569
     58     1.195075
     59     1.183538
     60     1.203646
     61     1.181111
     62     1.174382
     63     1.170745
     64     1.164794
     65     1.158448
     66     1.152804
     67     1.147519
     68     1.141402
     69     1.135305
     70     1.130588
     71     1.126273
     72     1.120097
     73     1.113716
     74     1.106904
     75     1.103008
     76     1.097181
     77     1.111876
     78     1.095487
     79     1.090396
     80     1.088846
     81     1.086395
     82     1.084161
     83     1.081505
     84     1.080655
     85     1.078728
     86     1.076612
     87     1.074429
     88     1.073393
     89     1.071068
     90     1.083535
     91     1.071411
     92     1.069757
     93     1.067824
     94     1.066166
     95     1.064045
     96     1.063152
     97     1.060372
     98     1.061710
     99     1.058738
    100     1.057342
    101     1.056596
    102     1.054891
    103     1.052615
    104     1.050721
    105     1.049889
