# 441 (21x21) receivers, x,y in [-500,500] m, 50 m spacing, z = 0.
# z is negative down: z=0 is the air/earth interface.
# x y z
   -500.0000    -500.0000       0.0000
   -500.0000    -450.0000       0.0000
   -500.0000    -400.0000       0.0000
   -500.0000    -350.0000       0.0000
   -500.0000    -300.0000       0.0000
   -500.0000    -250.0000       0.0000
   -500.0000    -200.0000       0.0000
   -500.0000    -150.0000       0.0000
   -500.0000    -100.0000       0.0000
   -500.0000     -50.0000       0.0000
   -500.0000       0.0000       0.0000
   -500.0000      50.0000       0.0000
   -500.0000     100.0000       0.0000
   -500.0000     150.0000       0.0000
   -500.0000     200.0000       0.0000
   -500.0000     250.0000       0.0000
   -500.0000     300.0000       0.0000
   -500.0000     350.0000       0.0000
   -500.0000     400.0000       0.0000
   -500.0000     450.0000       0.0000
   -500.0000     500.0000       0.0000
   -450.0000    -500.0000       0.0000
   -450.0000    -450.0000       0.0000
   -450.0000    -400.0000       0.0000
   -450.0000    -350.0000       0.0000
   -450.0000    -300.0000       0.0000
   -450.0000    -250.0000       0.0000
   -450.0000    -200.0000       0.0000
   -450.0000    -150.0000       0.0000
   -450.0000    -100.0000       0.0000
   -450.0000     -50.0000       0.0000
   -450.0000       0.0000       0.0000
   -450.0000      50.0000       0.0000
   -450.0000     100.0000       0.0000
   -450.0000     150.0000       0.0000
   -450.0000     200.0000       0.0000
   -450.0000     250.0000       0.0000
   -450.0000     300.0000       0.0000
   -450.0000     350.0000       0.0000
   -450.0000     400.0000       0.0000
   -450.0000     450.0000       0.0000
   -450.0000     500.0000       0.0000
   -400.0000    -500.0000       0.0000
   -400.0000    -450.0000       0.0000
   -400.0000    -400.0000       0.0000
   -400.0000    -350.0000       0.0000
   -400.0000    -300.0000       0.0000
   -400.0000    -250.0000       0.0000
   -400.0000    -200.0000       0.0000
   -400.0000    -150.0000       0.0000
   -400.0000    -100.0000       0.0000
   -400.0000     -50.0000       0.0000
   -400.0000       0.0000       0.0000
   -400.0000      50.0000       0.0000
   -400.0000     100.0000       0.0000
   -400.0000     150.0000       0.0000
   -400.0000     200.0000       0.0000
   -400.0000     250.0000       0.0000
   -400.0000     300.0000       0.0000
   -400.0000     350.0000       0.0000
   -400.0000     400.0000       0.0000
   -400.0000     450.0000       0.0000
   -400.0000     500.0000       0.0000
   -350.0000    -500.0000       0.0000
   -350.0000    -450.0000       0.0000
   -350.0000    -400.0000       0.0000
   -350.0000    -350.0000       0.0000
   -350.0000    -300.0000       0.0000
   -350.0000    -250.0000       0.0000
   -350.0000    -200.0000       0.0000
   -350.0000    -150.0000       0.0000
   -350.0000    -100.0000       0.0000
   -350.0000     -50.0000       0.0000
   -350.0000       0.0000       0.0000
   -350.0000      50.0000       0.0000
   -350.0000     100.0000       0.0000
   -350.0000     150.0000       0.0000
   -350.0000     200.0000       0.0000
   -350.0000     250.0000       0.0000
   -350.0000     300.0000       0.0000
   -350.0000     350.0000       0.0000
   -350.0000     400.0000       0.0000
   -350.0000     450.0000       0.0000
   -350.0000     500.0000       0.0000
   -300.0000    -500.0000       0.0000
   -300.0000    -450.0000       0.0000
   -300.0000    -400.0000       0.0000
   -300.0000    -350.0000       0.0000
   -300.0000    -300.0000       0.0000
   -300.0000    -250.0000       0.0000
   -300.0000    -200.0000       0.0000
   -300.0000    -150.0000       0.0000
   -300.0000    -100.0000       0.0000
   -300.0000     -50.0000       0.0000
   -300.0000       0.0000       0.0000
   -300.0000      50.0000       0.0000
   -300.0000     100.0000       0.0000
   -300.0000     150.0000       0.0000
   -300.0000     200.0000       0.0000
   -300.0000     250.0000       0.0000
   -300.0000     300.0000       0.0000
   -300.0000     350.0000       0.0000
   -300.0000     400.0000       0.0000
   -300.0000     450.0000       0.0000
   -300.0000     500.0000       0.0000
   -250.0000    -500.0000       0.0000
   -250.0000    -450.0000       0.0000
   -250.0000    -400.0000       0.0000
   -250.0000    -350.0000       0.0000
   -250.0000    -300.0000       0.0000
   -250.0000    -250.0000       0.0000
   -250.0000    -200.0000       0.0000
   -250.0000    -150.0000       0.0000
   -250.0000    -100.0000       0.0000
   -250.0000     -50.0000       0.0000
   -250.0000       0.0000       0.0000
   -250.0000      50.0000       0.0000
   -250.0000     100.0000       0.0000
   -250.0000     150.0000       0.0000
   -250.0000     200.0000       0.0000
   -250.0000     250.0000       0.0000
   -250.0000     300.0000       0.0000
   -250.0000     350.0000       0.0000
   -250.0000     400.0000       0.0000
   -250.0000     450.0000       0.0000
   -250.0000     500.0000       0.0000
   -200.0000    -500.0000       0.0000
   -200.0000    -450.0000       0.0000
   -200.0000    -400.0000       0.0000
   -200.0000    -350.0000       0.0000
   -200.0000    -300.0000       0.0000
   -200.0000    -250.0000       0.0000
   -200.0000    -200.0000       0.0000
   -200.0000    -150.0000       0.0000
   -200.0000    -100.0000       0.0000
   -200.0000     -50.0000       0.0000
   -200.0000       0.0000       0.0000
   -200.0000      50.0000       0.0000
   -200.0000     100.0000       0.0000
   -200.0000     150.0000       0.0000
   -200.0000     200.0000       0.0000
   -200.0000     250.0000       0.0000
   -200.0000     300.0000       0.0000
   -200.0000     350.0000       0.0000
   -200.0000     400.0000       0.0000
   -200.0000     450.0000       0.0000
   -200.0000     500.0000       0.0000
   -150.0000    -500.0000       0.0000
   -150.0000    -450.0000       0.0000
   -150.0000    -400.0000       0.0000
   -150.0000    -350.0000       0.0000
   -150.0000    -300.0000       0.0000
   -150.0000    -250.0000       0.0000
   -150.0000    -200.0000       0.0000
   -150.0000    -150.0000       0.0000
   -150.0000    -100.0000       0.0000
   -150.0000     -50.0000       0.0000
   -150.0000       0.0000       0.0000
   -150.0000      50.0000       0.0000
   -150.0000     100.0000       0.0000
   -150.0000     150.0000       0.0000
   -150.0000     200.0000       0.0000
   -150.0000     250.0000       0.0000
   -150.0000     300.0000       0.0000
   -150.0000     350.0000       0.0000
   -150.0000     400.0000       0.0000
   -150.0000     450.0000       0.0000
   -150.0000     500.0000       0.0000
   -100.0000    -500.0000       0.0000
   -100.0000    -450.0000       0.0000
   -100.0000    -400.0000       0.0000
   -100.0000    -350.0000       0.0000
   -100.0000    -300.0000       0.0000
   -100.0000    -250.0000       0.0000
   -100.0000    -200.0000       0.0000
   -100.0000    -150.0000       0.0000
   -100.0000    -100.0000       0.0000
   -100.0000     -50.0000       0.0000
   -100.0000       0.0000       0.0000
   -100.0000      50.0000       0.0000
   -100.0000     100.0000       0.0000
   -100.0000     150.0000       0.0000
   -100.0000     200.0000       0.0000
   -100.0000     250.0000       0.0000
   -100.0000     300.0000       0.0000
   -100.0000     350.0000       0.0000
   -100.0000     400.0000       0.0000
   -100.0000     450.0000       0.0000
   -100.0000     500.0000       0.0000
    -50.0000    -500.0000       0.0000
    -50.0000    -450.0000       0.0000
    -50.0000    -400.0000       0.0000
    -50.0000    -350.0000       0.0000
    -50.0000    -300.0000       0.0000
    -50.0000    -250.0000       0.0000
    -50.0000    -200.0000       0.0000
    -50.0000    -150.0000       0.0000
    -50.0000    -100.0000       0.0000
    -50.0000     -50.0000       0.0000
    -50.0000       0.0000       0.0000
    -50.0000      50.0000       0.0000
    -50.0000     100.0000       0.0000
    -50.0000     150.0000       0.0000
    -50.0000     200.0000       0.0000
    -50.0000     250.0000       0.0000
    -50.0000     300.0000       0.0000
    -50.0000     350.0000       0.0000
    -50.0000     400.0000       0.0000
    -50.0000     450.0000       0.0000
    -50.0000     500.0000       0.0000
      0.0000    -500.0000       0.0000
      0.0000    -450.0000       0.0000
      0.0000    -400.0000       0.0000
      0.0000    -350.0000       0.0000
      0.0000    -300.0000       0.0000
      0.0000    -250.0000       0.0000
      0.0000    -200.0000       0.0000
      0.0000    -150.0000       0.0000
      0.0000    -100.0000       0.0000
      0.0000     -50.0000       0.0000
      0.0000       0.0000       0.0000
      0.0000      50.0000       0.0000
      0.0000     100.0000       0.0000
      0.0000     150.0000       0.0000
      0.0000     200.0000       0.0000
      0.0000     250.0000       0.0000
      0.0000     300.0000       0.0000
      0.0000     350.0000       0.0000
      0.0000     400.0000       0.0000
      0.0000     450.0000       0.0000
      0.0000     500.0000       0.0000
     50.0000    -500.0000       0.0000
     50.0000    -450.0000       0.0000
     50.0000    -400.0000       0.0000
     50.0000    -350.0000       0.0000
     50.0000    -300.0000       0.0000
     50.0000    -250.0000       0.0000
     50.0000    -200.0000       0.0000
     50.0000    -150.0000       0.0000
     50.0000    -100.0000       0.0000
     50.0000     -50.0000       0.0000
     50.0000       0.0000       0.0000
     50.0000      50.0000       0.0000
     50.0000     100.0000       0.0000
     50.0000     150.0000       0.0000
     50.0000     200.0000       0.0000
     50.0000     250.0000       0.0000
     50.0000     300.0000       0.0000
     50.0000     350.0000       0.0000
     50.0000     400.0000       0.0000
     50.0000     450.0000       0.0000
     50.0000     500.0000       0.0000
    100.0000    -500.0000       0.0000
    100.0000    -450.0000       0.0000
    100.0000    -400.0000       0.0000
    100.0000    -350.0000       0.0000
    100.0000    -300.0000       0.0000
    100.0000    -250.0000       0.0000
    100.0000    -200.0000       0.0000
    100.0000    -150.0000       0.0000
    100.0000    -100.0000       0.0000
    100.0000     -50.0000       0.0000
    100.0000       0.0000       0.0000
    100.0000      50.0000       0.0000
    100.0000     100.0000       0.0000
    100.0000     150.0000       0.0000
    100.0000     200.0000       0.0000
    100.0000     250.0000       0.0000
    100.0000     300.0000       0.0000
    100.0000     350.0000       0.0000
    100.0000     400.0000       0.0000
    100.0000     450.0000       0.0000
    100.0000     500.0000       0.0000
    150.0000    -500.0000       0.0000
    150.0000    -450.0000       0.0000
    150.0000    -400.0000       0.0000
    150.0000    -350.0000       0.0000
    150.0000    -300.0000       0.0000
    150.0000    -250.0000       0.0000
    150.0000    -200.0000       0.0000
    150.0000    -150.0000       0.0000
    150.0000    -100.0000       0.0000
    150.0000     -50.0000       0.0000
    150.0000       0.0000       0.0000
    150.0000      50.0000       0.0000
    150.0000     100.0000       0.0000
    150.0000     150.0000       0.0000
    150.0000     200.0000       0.0000
    150.0000     250.0000       0.0000
    150.0000     300.0000       0.0000
    150.0000     350.0000       0.0000
    150.0000     400.0000       0.0000
    150.0000     450.0000       0.0000
    150.0000     500.0000       0.0000
    200.0000    -500.0000       0.0000
    200.0000    -450.0000       0.0000
    200.0000    -400.0000       0.0000
    200.0000    -350.0000       0.0000
    200.0000    -300.0000       0.0000
    200.0000    -250.0000       0.0000
    200.0000    -200.0000       0.0000
    200.0000    -150.0000       0.0000
    200.0000    -100.0000       0.0000
    200.0000     -50.0000       0.0000
    200.0000       0.0000       0.0000
    200.0000      50.0000       0.0000
    200.0000     100.0000       0.0000
    200.0000     150.0000       0.0000
    200.0000     200.0000       0.0000
    200.0000     250.0000       0.0000
    200.0000     300.0000       0.0000
    200.0000     350.0000       0.0000
    200.0000     400.0000       0.0000
    200.0000     450.0000       0.0000
    200.0000     500.0000       0.0000
    250.0000    -500.0000       0.0000
    250.0000    -450.0000       0.0000
    250.0000    -400.0000       0.0000
    250.0000    -350.0000       0.0000
    250.0000    -300.0000       0.0000
    250.0000    -250.0000       0.0000
    250.0000    -200.0000       0.0000
    250.0000    -150.0000       0.0000
    250.0000    -100.0000       0.0000
    250.0000     -50.0000       0.0000
    250.0000       0.0000       0.0000
    250.0000      50.0000       0.0000
    250.0000     100.0000       0.0000
    250.0000     150.0000       0.0000
    250.0000     200.0000       0.0000
    250.0000     250.0000       0.0000
    250.0000     300.0000       0.0000
    250.0000     350.0000       0.0000
    250.0000     400.0000       0.0000
    250.0000     450.0000       0.0000
    250.0000     500.0000       0.0000
    300.0000    -500.0000       0.0000
    300.0000    -450.0000       0.0000
    300.0000    -400.0000       0.0000
    300.0000    -350.0000       0.0000
    300.0000    -300.0000       0.0000
    300.0000    -250.0000       0.0000
    300.0000    -200.0000       0.0000
    300.0000    -150.0000       0.0000
    300.0000    -100.0000       0.0000
    300.0000     -50.0000       0.0000
    300.0000       0.0000       0.0000
    300.0000      50.0000       0.0000
    300.0000     100.0000       0.0000
    300.0000     150.0000       0.0000
    300.0000     200.0000       0.0000
    300.0000     250.0000       0.0000
    300.0000     300.0000       0.0000
    300.0000     350.0000       0.0000
    300.0000     400.0000       0.0000
    300.0000     450.0000       0.0000
    300.0000     500.0000       0.0000
    350.0000    -500.0000       0.0000
    350.0000    -450.0000       0.0000
    350.0000    -400.0000       0.0000
    350.0000    -350.0000       0.0000
    350.0000    -300.0000       0.0000
    350.0000    -250.0000       0.0000
    350.0000    -200.0000       0.0000
    350.0000    -150.0000       0.0000
    350.0000    -100.0000       0.0000
    350.0000     -50.0000       0.0000
    350.0000       0.0000       0.0000
    350.0000      50.0000       0.0000
    350.0000     100.0000       0.0000
    350.0000     150.0000       0.0000
    350.0000     200.0000       0.0000
    350.0000     250.0000       0.0000
    350.0000     300.0000       0.0000
    350.0000     350.0000       0.0000
    350.0000     400.0000       0.0000
    350.0000     450.0000       0.0000
    350.0000     500.0000       0.0000
    400.0000    -500.0000       0.0000
    400.0000    -450.0000       0.0000
    400.0000    -400.0000       0.0000
    400.0000    -350.0000       0.0000
    400.0000    -300.0000       0.0000
    400.0000    -250.0000       0.0000
    400.0000    -200.0000       0.0000
    400.0000    -150.0000       0.0000
    400.0000    -100.0000       0.0000
    400.0000     -50.0000       0.0000
    400.0000       0.0000       0.0000
    400.0000      50.0000       0.0000
    400.0000     100.0000       0.0000
    400.0000     150.0000       0.0000
    400.0000     200.0000       0.0000
    400.0000     250.0000       0.0000
    400.0000     300.0000       0.0000
    400.0000     350.0000       0.0000
    400.0000     400.0000       0.0000
    400.0000     450.0000       0.0000
    400.0000     500.0000       0.0000
    450.0000    -500.0000       0.0000
    450.0000    -450.0000       0.0000
    450.0000    -400.0000       0.0000
    450.0000    -350.0000       0.0000
    450.0000    -300.0000       0.0000
    450.0000    -250.0000       0.0000
    450.0000    -200.0000       0.0000
    450.0000    -150.0000       0.0000
    450.0000    -100.0000       0.0000
    450.0000     -50.0000       0.0000
    450.0000       0.0000       0.0000
    450.0000      50.0000       0.0000
    450.0000     100.0000       0.0000
    450.0000     150.0000       0.0000
    450.0000     200.0000       0.0000
    450.0000     250.0000       0.0000
    450.0000     300.0000       0.0000
    450.0000     350.0000       0.0000
    450.0000     400.0000       0.0000
    450.0000     450.0000       0.0000
    450.0000     500.0000       0.0000
    500.0000    -500.0000       0.0000
    500.0000    -450.0000       0.0000
    500.0000    -400.0000       0.0000
    500.0000    -350.0000       0.0000
    500.0000    -300.0000       0.0000
    500.0000    -250.0000       0.0000
    500.0000    -200.0000       0.0000
    500.0000    -150.0000       0.0000
    500.0000    -100.0000       0.0000
    500.0000     -50.0000       0.0000
    500.0000       0.0000       0.0000
    500.0000      50.0000       0.0000
    500.0000     100.0000       0.0000
    500.0000     150.0000       0.0000
    500.0000     200.0000       0.0000
    500.0000     250.0000       0.0000
    500.0000     300.0000       0.0000
    500.0000     350.0000       0.0000
    500.0000     400.0000       0.0000
    500.0000     450.0000       0.0000
    500.0000     500.0000       0.0000
