   Iter          RMS            F          Reg        ||g||         Step
      0       7.0604   4.9849e+01   0.0000e+00   4.4246e+00            -
      1       6.7326   4.5328e+01   1.7459e-06   4.0503e+00   2.2601e-01
      2       4.0938   1.6760e+01   3.0576e-04   8.8906e-01   1.0000e+00
      3       3.7643   1.4170e+01   4.6997e-04   5.9461e-01   1.0000e+00
      4       3.4688   1.2033e+01   7.2754e-04   4.1794e-01   1.0000e+00
      5       3.2879   1.0811e+01   1.0270e-03   5.8839e-01   1.0000e+00
      6       3.0842   9.5140e+00   1.4723e-03   4.0959e-01   1.0000e+00
      7       2.9011   8.4182e+00   2.0277e-03   3.7874e-01   1.0000e+00
      8       2.7817   7.7405e+00   2.5645e-03   4.5353e-01   1.0000e+00
      9       2.6939   7.2597e+00   2.6738e-03   2.7079e-01   1.0000e+00
     10       2.6158   6.8454e+00   2.8772e-03   2.8527e-01   1.0000e+00
     11       2.5054   6.2803e+00   3.3433e-03   3.0858e-01   1.0000e+00
     12       2.4743   6.1260e+00   3.8523e-03   5.8824e-01   5.0000e-01
     13       2.3838   5.6867e+00   4.1120e-03   2.5082e-01   1.0000e+00
     14       2.3399   5.4795e+00   4.4991e-03   1.9149e-01   1.0000e+00
     15       2.2648   5.1344e+00   5.1381e-03   2.0171e-01   1.0000e+00
     16       2.1699   4.7149e+00   6.4723e-03   2.4087e-01   1.0000e+00
     17       2.1495   4.6287e+00   8.3671e-03   4.7127e-01   1.0000e+00
     18       2.0757   4.3166e+00   8.1684e-03   1.9715e-01   1.0000e+00
     19       2.0328   4.1409e+00   8.6075e-03   1.7900e-01   1.0000e+00
     20       1.9861   3.9541e+00   9.2990e-03   2.4788e-01   1.0000e+00
     21       1.9071   3.6477e+00   1.0796e-02   1.6194e-01   1.0000e+00
     22       1.8691   3.5058e+00   1.2069e-02   2.6230e-01   1.0000e+00
     23       1.8130   3.2996e+00   1.2813e-02   1.2892e-01   1.0000e+00
     24       1.7759   3.1672e+00   1.3398e-02   1.4218e-01   1.0000e+00
     25       1.7352   3.0252e+00   1.4370e-02   1.9465e-01   1.0000e+00
     26       1.7168   2.9629e+00   1.5574e-02   2.8664e-01   1.0000e+00
     27       1.6764   2.8258e+00   1.5433e-02   1.3618e-01   1.0000e+00
     28       1.6444   2.7198e+00   1.5658e-02   1.2561e-01   1.0000e+00
     29       1.6184   2.6350e+00   1.5883e-02   1.4567e-01   1.0000e+00
     30       1.5691   2.4783e+00   1.6344e-02   1.1850e-01   1.0000e+00
     31       1.5391   2.3856e+00   1.6874e-02   1.3244e-01   1.0000e+00
     32       1.5120   2.3035e+00   1.7237e-02   1.0421e-01   1.0000e+00
     33       1.4865   2.2273e+00   1.7515e-02   9.1934e-02   1.0000e+00
     34       1.4745   2.1920e+00   1.7829e-02   1.6104e-01   1.0000e+00
     35       1.4585   2.1451e+00   1.7850e-02   7.0826e-02   1.0000e+00
     36       1.4485   2.1161e+00   1.7921e-02   7.2215e-02   1.0000e+00
     37       1.4385   2.0873e+00   1.8001e-02   8.0060e-02   1.0000e+00
     38       1.4336   2.0735e+00   1.8198e-02   2.0819e-01   1.0000e+00
     39       1.4164   2.0243e+00   1.8237e-02   8.3100e-02   1.0000e+00
     40       1.4090   2.0036e+00   1.8315e-02   7.0799e-02   1.0000e+00
     41       1.3934   1.9602e+00   1.8529e-02   9.9163e-02   1.0000e+00
     42       1.3716   1.9003e+00   1.8937e-02   8.1615e-02   1.0000e+00
     43       1.3602   1.8695e+00   1.9221e-02   1.2841e-01   5.0000e-01
     44       1.3460   1.8312e+00   1.9458e-02   7.5744e-02   1.0000e+00
     45       1.3345   1.8007e+00   1.9875e-02   6.7646e-02   1.0000e+00
     46       1.3268   1.7806e+00   2.0179e-02   7.1104e-02   1.0000e+00
     47       1.3176   1.7565e+00   2.0370e-02   5.5923e-02   1.0000e+00
     48       1.3062   1.7270e+00   2.0733e-02   6.5327e-02   1.0000e+00
     49       1.2995   1.7096e+00   2.0949e-02   6.3154e-02   1.0000e+00
     50       1.2929   1.6925e+00   2.1026e-02   5.7799e-02   1.0000e+00
     51       1.2841   1.6705e+00   2.1634e-02   1.8290e-01   1.0000e+00
     52       1.2660   1.6243e+00   2.1697e-02   7.0092e-02   1.0000e+00
     53       1.2623   1.6152e+00   2.1685e-02   5.0727e-02   1.0000e+00
     54       1.2547   1.5960e+00   2.1660e-02   3.8544e-02   1.0000e+00
     55       1.2499   1.5839e+00   2.1650e-02   3.5052e-02   1.0000e+00
     56       1.2443   1.5700e+00   2.1646e-02   4.3067e-02   1.0000e+00
     57       1.2385   1.5554e+00   2.1651e-02   4.5844e-02   1.0000e+00
     58       1.2324   1.5406e+00   2.1663e-02   3.5379e-02   1.0000e+00
     59       1.2262   1.5253e+00   2.1678e-02   5.5372e-02   1.0000e+00
     60       1.2163   1.5012e+00   2.1706e-02   5.2131e-02   1.0000e+00
     61       1.2079   1.4807e+00   2.1742e-02   6.3923e-02   1.0000e+00
     62       1.2005   1.4630e+00   2.1765e-02   3.7342e-02   1.0000e+00
     63       1.1940   1.4473e+00   2.1785e-02   3.4557e-02   1.0000e+00
     64       1.1915   1.4415e+00   2.1813e-02   8.8031e-02   1.0000e+00
     65       1.1870   1.4308e+00   2.1819e-02   3.0421e-02   1.0000e+00
     66       1.1858   1.4280e+00   2.1824e-02   2.6008e-02   1.0000e+00
     67       1.1829   1.4211e+00   2.1841e-02   3.3360e-02   1.0000e+00
     68       1.1798   1.4138e+00   2.1867e-02   4.6916e-02   1.0000e+00
     69       1.1771   1.4075e+00   2.1897e-02   3.6584e-02   1.0000e+00
     70       1.1744   1.4011e+00   2.1920e-02   3.6215e-02   1.0000e+00
     71       1.1680   1.3864e+00   2.2173e-02   1.2188e-01   1.0000e+00
     72       1.1606   1.3691e+00   2.2257e-02   6.9664e-02   1.0000e+00
     73       1.1574   1.3617e+00   2.2198e-02   3.5565e-02   1.0000e+00
     74       1.1549   1.3560e+00   2.2182e-02   2.4559e-02   1.0000e+00
     75       1.1494   1.3433e+00   2.2236e-02   4.2135e-02   1.0000e+00
     76       1.1444   1.3320e+00   2.2368e-02   4.8892e-02   1.0000e+00
     77       1.1416   1.3257e+00   2.2387e-02   3.0595e-02   1.0000e+00
     78       1.1376   1.3166e+00   2.2455e-02   4.3776e-02   1.0000e+00
     79       1.1325   1.3051e+00   2.2578e-02   4.9706e-02   1.0000e+00
     80       1.1315   1.3030e+00   2.2713e-02   9.1583e-02   5.0000e-01
     81       1.1272   1.2933e+00   2.2748e-02   3.4028e-02   1.0000e+00
     82       1.1254   1.2894e+00   2.2801e-02   2.8836e-02   1.0000e+00
     83       1.1198   1.2769e+00   2.3040e-02   3.9027e-02   1.0000e+00
     84       1.1148   1.2662e+00   2.3328e-02   3.7668e-02   1.0000e+00
     85       1.1109   1.2578e+00   2.3625e-02   3.9888e-02   1.0000e+00
     86       1.1076   1.2505e+00   2.3778e-02   3.0241e-02   1.0000e+00
     87       1.1010   1.2364e+00   2.4191e-02   3.8237e-02   1.0000e+00
     88       1.0976   1.2295e+00   2.4742e-02   6.8531e-02   1.0000e+00
     89       1.0935   1.2206e+00   2.4811e-02   3.6000e-02   1.0000e+00
     90       1.0896   1.2123e+00   2.5077e-02   3.8820e-02   1.0000e+00
     91       1.0856   1.2039e+00   2.5435e-02   4.3211e-02   1.0000e+00
     92       1.0836   1.1998e+00   2.5634e-02   4.4476e-02   2.5000e-01
     93       1.0814   1.1953e+00   2.5942e-02   2.7263e-02   1.0000e+00
     94       1.0795   1.1916e+00   2.6199e-02   2.4191e-02   1.0000e+00
     95       1.0740   1.1804e+00   2.7008e-02   4.0981e-02   1.0000e+00
     96       1.0720   1.1770e+00   2.7748e-02   7.2047e-02   1.0000e+00
     97       1.0691   1.1705e+00   2.7612e-02   2.8004e-02   1.0000e+00
     98       1.0674   1.1671e+00   2.7731e-02   2.1818e-02   1.0000e+00
     99       1.0648   1.1619e+00   2.8066e-02   3.7487e-02   1.0000e+00
    100       1.0610   1.1545e+00   2.8631e-02   3.4417e-02   1.0000e+00
    101       1.0549   1.1425e+00   2.9735e-02   3.2325e-02   1.0000e+00
    102       1.0542   1.1417e+00   3.0336e-02   6.9871e-02   5.0000e-01
    103       1.0519   1.1370e+00   3.0519e-02   2.7409e-02   1.0000e+00
    104       1.0509   1.1352e+00   3.0805e-02   2.0812e-02   1.0000e+00
    105       1.0491   1.1320e+00   3.1336e-02   2.2097e-02   1.0000e+00

   L-BFGS exit reason       = CONVERGED_RMSTOL (105 iterations)
