   Eval          RMS
      1     7.060378
      2     6.732615
      3     4.093835
      4     3.764307
      5     3.468761
      6     3.287894
      7     3.084231
      8     2.901061
      9     2.781708
     10     2.693890
     11     2.615825
     12     2.505379
     13     2.755025
     14     2.474301
     15     2.383818
     16     2.339864
     17     2.264776
     18     2.169886
     19     2.149492
     20     2.075670
     21     2.032798
     22     1.986149
     23     1.907061
     24     1.869149
     25     1.812963
     26     1.775899
     27     1.735171
     28     1.716768
     29     1.676423
     30     1.644434
     31     1.618377
     32     1.569076
     33     1.539071
     34     1.512033
     35     1.486525
     36     1.474517
     37     1.458503
     38     1.448514
     39     1.438519
     40     1.433637
     41     1.416364
     42     1.408992
     43     1.393432
     44     1.371625
     45     1.373348
     46     1.360248
     47     1.346011
     48     1.334491
     49     1.326823
     50     1.317607
     51     1.306235
     52     1.299486
     53     1.292868
     54     1.284072
     55     1.265956
     56     1.262345
     57     1.254741
     58     1.249910
     59     1.244337
     60     1.238466
     61     1.232442
     62     1.226238
     63     1.216336
     64     1.207875
     65     1.200528
     66     1.193962
     67     1.191497
     68     1.187014
     69     1.185840
     70     1.182916
     71     1.179811
     72     1.177112
     73     1.174390
     74     1.168004
     75     1.160557
     76     1.157355
     77     1.154927
     78     1.149396
     79     1.144407
     80     1.141618
     81     1.137591
     82     1.132476
     83     1.146391
     84     1.131511
     85     1.127172
     86     1.125424
     87     1.119753
     88     1.114825
     89     1.110928
     90     1.107570
     91     1.100996
     92     1.097637
     93     1.093534
     94     1.089589
     95     1.085591
     96     1.100870
     97     1.085506
     98     1.083598
     99     1.081358
    100     1.079530
    101     1.073971
    102     1.072033
    103     1.069081
    104     1.067417
    105     1.064801
    106     1.061048
    107     1.054898
    108     1.064038
    109     1.054223
    110     1.051887
    111     1.050887
    112     1.049142
